out_file1.txt
out_file2.txt
out_file3.txt
partition 0 9 9 0					      |	partition 0 9 9 -1
 1,9,8,7,6,5,4,3,2,10					      |	 10,9,8,7,6,5,4,3,2,1
partition 0 9 0 0					      |	partition 0 9 0 -1
 1,9,8,7,6,5,4,3,2,10					      |	 10,9,8,7,6,5,4,3,2,1
partition 0 4 2 3					      |	partition 0 4 2 1
 7,6,1,8,9,5,4,3,2,10					      |	 7,8,10,9,6,5,4,3,2,1
 7,6,1,8,9,2,3,5,4,10					      |	 7,8,10,9,6,2,3,5,4,1
partition 0 9 4 8					      |	partition 0 9 4 4
 4,6,1,8,7,2,3,5,9,10					      |	 2,4,5,3,6,7,9,10,8,1
partition 0 9 7 4					      |	partition 0 9 7 8
 2,4,1,3,5,7,8,6,9,10					      |	 8,4,5,3,6,7,9,2,10,1
 6,4,1,3,5,7,2,8,9,10					      |	 2,4,5,3,6,7,8,9,10,1
partition 0 5 5 5					      |	partition 0 5 5 -1
 6,4,1,3,5,7,2,8,9,10					      |	 2,4,5,3,6,7,8,9,10,1
 2,4,1,3,5,7,6,8,9,10					      |	 2,4,5,3,6,7,8,9,10,1
partition 0 9 3 2					      |	partition 0 9 3 1
 1,2,3,4,5,7,6,8,9,10					      |	 2,3,5,4,6,7,8,9,10,1
partition 0 2 2 2					      |	partition 0 2 2 -1
 1,2,3,4,5,7,6,8,9,10					      |	 2,3,5,4,6,7,8,9,10,1
 1,2,3,4,5,7,6,8,9,10					      |	 2,3,5,4,6,7,8,9,10,1
partition 0 2 1 2					      |	partition 0 2 1 1
partition 0 4 4 0					      |	partition 0 4 4 -1
 1,2,2,3,2,2						      |	 2,2,2,3,1,2
partition 1 5 3 5					      |	partition 1 5 3 4
 1,2,2,2,2,3						      |	 2,1,2,2,3,2
out_file4.txt
out_file5.txt
